%% Eye-In-Hand Calibration Data
% Transformation Matrix from
% 	'hololens/base_link' to 'hololens/rm_vlc_leftfront':
%    -0.9909    0.1294    0.0362    0.0014
%    -0.0075   -0.3227    0.9465    0.0103
%     0.1342    0.9376    0.3208    0.0104
%          0         0         0    1.0000
% 
% Transformation Matrix from
% 	'hololens/rm_vlc_leftfront' to 'hololens/base_link':
%    -0.9909   -0.0075    0.1342    0.0001
%     0.1294   -0.3227    0.9376   -0.0066
%     0.0362    0.9465    0.3208   -0.0131
%          0         0         0    1.0000

% Data
function [q_Robot_config, q_camera_config,t_Robot_config,t_camera_config ]=nrg3_LF_cal_data_v3()

% Position data from world to holoLens/base_link 
  t_Robot_config=[
    0.9137,  0.7648, -0.4461;
    0.9241,  0.5993, -0.4458;
    0.9530,  0.4714, -0.4464;
    0.9228,  0.5900, -0.4463;
    0.8666,  0.7453, -0.4460;
    0.8283,  0.8745, -0.4457;
    0.7037,  0.7656, -0.4465;
    0.5818,  0.6976, -0.4466;
    0.5293,  0.6016, -0.4463;
    0.5044,  0.4807, -0.4461;
    0.5038,  0.3535, -0.4466;
    0.6814,  0.3743, -0.4464;
    0.7935,  0.3675, -0.4464;
    0.7247,  0.3528, -0.4465;
    0.6653,  0.4665, -0.4457;
    0.6717,  0.6062, -0.4461;
    0.6927,  0.7616, -0.4466;
    0.7210,  0.9112, -0.4463;
    0.7649,  1.0096, -0.4457;
    0.7070,  0.7963, -0.4461;
    0.6738,  0.5925, -0.4459;
    0.8735,  0.6084, -0.4461;
    0.9875,  0.6275, -0.4467;
    0.7534,  0.3832, -0.4468;
    0.6347,  0.5488, -0.4462;
    0.8061,  0.6864, -0.4468;
    0.8043,  0.7940, -0.4465;
    0.7983,  0.7434, -0.4465;
    0.7965,  0.6119, -0.4464;
    0.8321,  0.4537, -0.4472;
    0.8366,  0.3701, -0.4470;
    0.7733,  0.3591, -0.4465;
    0.7021,  0.4017, -0.4463;
    0.6250,  0.4236, -0.4462;
    0.8402,  0.5212, -0.4464;
    0.8650,  0.6602, -0.4461;
    0.8643,  0.7545, -0.4458;
    0.7608,  0.7339, -0.4468;
    0.6596,  0.6631, -0.4463;
    0.8577,  0.6727, -0.4466
];

% Rotation data from world to holoLens/base_link 
q_Robot_config=[
     0.0077,  0.0711, -0.1253,  0.9895;
     0.0014,  0.0713, -0.0196,  0.9973;
    -0.0040,  0.0709,  0.0689,  0.9951;
    -0.0002,  0.0712, -0.0039,  0.9975;
     0.0031,  0.0704, -0.0741,  0.9948;
     0.0073,  0.0699, -0.1503,  0.9861;
     0.0058,  0.0697, -0.1116,  0.9913;
     0.0036,  0.0697, -0.0759,  0.9947;
    -0.0012,  0.0702,  0.0028,  0.9975;
    -0.0044,  0.0699,  0.0633,  0.9955;
    -0.0091,  0.0698,  0.1196,  0.9903;
    -0.0093,  0.0706,  0.1297,  0.9890;
    -0.0093,  0.0712,  0.1356,  0.9882;
    -0.0109,  0.0700,  0.1556,  0.9853;
    -0.0016,  0.0703,  0.0108,  0.9975;
     0.0015,  0.0706, -0.0414,  0.9966;
     0.0038,  0.0701, -0.0871,  0.9937;
     0.0089,  0.0695, -0.1646,  0.9839;
     0.0120,  0.0693, -0.2008,  0.9771;
     0.0023,  0.0704, -0.0561,  0.9959;
    -0.0051,  0.0707,  0.0582,  0.9958;
    -0.0015,  0.0722,  0.0143,  0.9973;
    -0.0005,  0.0721, -0.0012,  0.9974;
     0.0010,  0.0705, -0.0092,  0.9975;
    -0.0021,  0.0704,  0.0092,  0.9975;
     0.0045,  0.0711, -0.0772,  0.9945;
     0.0072,  0.0707, -0.1394,  0.9877;
     0.0021,  0.0711, -0.0482,  0.9963;
     0.0015,  0.0712, -0.0298,  0.9970;
    -0.0024,  0.0713,  0.0426,  0.9965;
    -0.0065,  0.0711,  0.1043,  0.9920;
    -0.0074,  0.0703,  0.1048,  0.9920;
    -0.0074,  0.0697,  0.0956,  0.9929;
    -0.0064,  0.0695,  0.0782,  0.9945;
    -0.0056,  0.0713,  0.0783,  0.9944;
     0.0027,  0.0710, -0.0615,  0.9956;
     0.0062,  0.0709, -0.1196,  0.9903;
     0.0042,  0.0700, -0.0912,  0.9934;
     0.0025,  0.0701, -0.0595,  0.9958;
     0.0031,  0.0716, -0.0561,  0.9959;
];

% Position data from hololens/rm_vlc_leftfront to april_tag 
t_camera_config=[
     0.4084, -0.0758, -0.0180;
     0.3805, -0.0074, -0.0259;
     0.3745,  0.0459, -0.0284;
     0.3828, -0.0114, -0.0255;
     0.4469, -0.0979, -0.0084;
     0.5168, -0.1350,  0.0109;
     0.6039, -0.0479,  0.0367;
     0.7051, -0.0124,  0.0665;
     0.7544, -0.0397,  0.0805;
     0.7907, -0.0235,  0.0909;
     0.8217,  0.0018,  0.1007;
     0.6551,  0.0125,  0.0537;
     0.5558,  0.0428,  0.0253;
     0.6247,  0.0092,  0.0439;
     0.6354,  0.0882,  0.0453;
     0.6178,  0.0200,  0.0413;
     0.6118, -0.0747,  0.0390;
     0.6262, -0.1203,  0.0422;
     0.6271, -0.1780,  0.0421;
     0.5999, -0.1526,  0.0352;
     0.6178, -0.1025,  0.0414;
     0.4294, -0.0479, -0.0114;
     0.3215, -0.0500, -0.0427;
     0.5488,  0.1993,  0.0200;
     0.6576,  0.0067,  0.0525;
     0.4951, -0.0288,  0.0072;
     0.5171, -0.0635,  0.0125;
     0.5068, -0.1166,  0.0099;
     0.5006, -0.0056,  0.0084;
     0.4851,  0.0744,  0.0037;
     0.5110,  0.0896,  0.0109;
     0.5707,  0.0845,  0.0276;
     0.6259,  0.0393,  0.0427;
     0.6900,  0.0276,  0.0610;
     0.4724, -0.0302,  0.0004;
     0.4378, -0.0261, -0.0103;
     0.4523, -0.0607, -0.0062;
     0.5449, -0.0529,  0.0200;
     0.6315, -0.0116,  0.0449;
     0.4460, -0.0433, -0.0067;
];  

% Rotation data from hololens/rm_vlc_leftfront to april_tag 
q_camera_config=[
    -0.0080, -0.1386,  0.1253,  0.9824;
     0.0055, -0.1403,  0.0239,  0.9898;
     0.0173, -0.1355, -0.0676,  0.9883;
     0.0087, -0.1400,  0.0049,  0.9901;
     0.0011, -0.1361,  0.0736,  0.9880;
    -0.0094, -0.1355,  0.1478,  0.9796;
    -0.0039, -0.1305,  0.1083,  0.9855;
    -0.0006, -0.1379,  0.0821,  0.9870;
     0.0098, -0.1474, -0.0151,  0.9889;
     0.0170, -0.1427, -0.0597,  0.9878;
     0.0256, -0.1384, -0.1101,  0.9839;
     0.0267, -0.1354, -0.1229,  0.9828;
     0.0272, -0.1362, -0.1350,  0.9811;
     0.0304, -0.1364, -0.1516,  0.9785;
     0.0105, -0.1317, -0.0149,  0.9911;
     0.0032, -0.1373,  0.0561,  0.9889;
    -0.0012, -0.1338,  0.0849,  0.9874;
    -0.0120, -0.1342,  0.1635,  0.9773;
    -0.0167, -0.1316,  0.1970,  0.9714;
     0.0024, -0.1361,  0.0532,  0.9893;
     0.0169, -0.1396, -0.0561,  0.9885;
     0.0115, -0.1401, -0.0107,  0.9900;
     0.0089, -0.1410,  0.0027,  0.9900;
     0.0050, -0.1288,  0.0010,  0.9917;
     0.0115, -0.1428, -0.0041,  0.9897;
    -0.0012, -0.1382,  0.0769,  0.9874;
    -0.0080, -0.1379,  0.1380,  0.9807;
     0.0025, -0.1398,  0.0485,  0.9890;
     0.0051, -0.1416,  0.0311,  0.9894;
     0.0128, -0.1355, -0.0472,  0.9896;
     0.0216, -0.1340, -0.1051,  0.9852;
     0.0227, -0.1341, -0.1076,  0.9848;
     0.0225, -0.1311, -0.0914,  0.9869;
     0.0203, -0.1377, -0.0732,  0.9876;
     0.0193, -0.1378, -0.0743,  0.9875;
     0.0014, -0.1379,  0.0599,  0.9886;
    -0.0063, -0.1378,  0.1192,  0.9832;
    -0.0019, -0.1328,  0.0913,  0.9869;
     0.0017, -0.1371,  0.0647,  0.9884;
     0.0014, -0.1365,  0.0584,  0.9889;
];



