%% Eye-In-Hand Calibration Data (quaternion w - last)
% Transformation Matrix from
% 	'hololens/base_link' to 'hololens/rm_vlc_leftfront':
%    -0.9849    0.0798   -0.1537   -0.0048
%     0.0349    0.9607    0.2753    0.0389
%     0.1696    0.2658   -0.9490   -0.0477
%          0         0         0    1.0000
% 
% Transformation Matrix from
% 	'hololens/rm_vlc_leftfront' to 'hololens/base_link':
%    -0.9849    0.0349    0.1696    0.0020
%     0.0798    0.9607    0.2658   -0.0243
%    -0.1537    0.2753   -0.9490   -0.0568
%          0         0         0    1.0000

% Data
function [q_Robot_config, q_camera_config,t_Robot_config,t_camera_config ]=nrg3_LF_cal_data_all()

% Position data from world to holoLens/base_link 
  t_Robot_config=[
    0.5621,  0.3486, -0.4463;
    0.7290,  0.5747, -0.4458;
    0.6896,  0.8462, -0.4461;
    0.6097,  1.0589, -0.4458;
    0.4003,  0.9601, -0.4471;
    0.4042,  0.6356, -0.4464;
    0.5848,  0.3958, -0.4465;
    0.8521,  0.4959, -0.4466;
    0.4855,  0.3918, -0.4465;
    0.8410,  0.6657, -0.4469;
    0.9148,  0.7209, -0.4465;
    0.7517,  0.8056, -0.4464;
    0.6565,  0.9700, -0.4460;
    0.6123,  0.5171, -0.4463;
    0.8138,  0.3608, -0.4468;
    0.7994,  0.2402, -0.4468;
    0.5781,  0.2216, -0.4453;
    0.4928,  0.4197, -0.4464;
    0.6603,  0.5819, -0.4465;
    0.7902,  0.6492, -0.4463;
    0.7706,  0.7489, -0.4463;
    0.7258,  0.6967, -0.4458;
    0.7000,  0.5236, -0.4460;
    0.7197,  0.3804, -0.4464;
    0.8846,  0.4263, -0.4465;
    0.9416,  0.4301, -0.4463;
    0.6793,  0.3884, -0.4455;
    0.5543,  0.5419, -0.4456;
    0.5182,  0.8284, -0.4473;
    0.7179,  0.8671, -0.4470;
    0.7287,  0.5722, -0.4463;
    0.7579,  0.3922, -0.4466;
    0.6523,  0.3039, -0.4460;
    0.5306,  0.2328, -0.4463;
    0.7878,  0.4431, -0.4461;
    0.8781,  0.5492, -0.4466;
    0.8327,  0.6680, -0.4467;
    0.8154,  0.8094, -0.4463;
    0.8235,  0.9012, -0.4463;
    0.9148,  0.7651, -0.4464;
    0.7995,  0.6764,  -0.4444;
    0.8441,  0.5409,  -0.4442;
    0.6548,  0.5192,  -0.4437;
    0.8506,  0.3871,  -0.4447;
    0.7204,  0.9142,  -0.4442;
    0.8897,  0.6960,  -0.4444;
    0.8708,  0.4726,  -0.4455;
    0.8356,  0.3269,  -0.4458;
    0.6564,  0.2667,  -0.4451;
    0.4955,  0.2550,  -0.4449;
    0.6454,  0.6688,  -0.4456;
    0.7113,  0.8003,  -0.4455;
    0.7396,  1.0164,  -0.4454;
    0.7479,  1.0143,  -0.4453;
    0.8481,  0.6697,  -0.4462;
    0.8454,  0.4818,  -0.4459;
    0.7363,  0.3660,  -0.4456;
    0.5875,  0.4023,  -0.4456;
    0.4853,  0.6313,  -0.4458;
    0.5613,  0.3534,  -0.4462;
    
];

% Rotation data from world to holoLens/base_link (w last)
q_Robot_config=[
    -0.0162,  0.0687,  0.2175,  0.9735;
    -0.0009,  0.0710,  0.0016,  0.9975;
     0.0083,  0.0696, -0.1528,  0.9858;
     0.0125,  0.0682, -0.2107,  0.9751;
     0.0042,  0.0690, -0.0865,  0.9938;
    -0.0039,  0.0706,  0.0508,  0.9962;
    -0.0123,  0.0699,  0.1728,  0.9824;
    -0.0082,  0.0709,  0.1229,  0.9899;
    -0.0086,  0.0691,  0.1041,  0.9921;
     0.0014,  0.0714, -0.0323,  0.9969;
     0.0105,  0.0705, -0.1660,  0.9835;
     0.0088,  0.0697, -0.1611,  0.9844;
     0.0075,  0.0689, -0.1427,  0.9873;
    -0.0044,  0.0702,  0.0705,  0.9950;
    -0.0166,  0.0710,  0.2388,  0.9683;
    -0.0152,  0.0704,  0.2036,  0.9764;
    -0.0201,  0.0679,  0.2213,  0.9726;
    -0.0126,  0.0700,  0.1531,  0.9856;
     0.0008,  0.0714, -0.0159,  0.9973;
     0.0066,  0.0710, -0.1065,  0.9918;
     0.0072,  0.0707, -0.1378,  0.9879;
    -0.0026,  0.0710,  0.0193,  0.9973;
    -0.0040,  0.0709,  0.0523,  0.9961;
    -0.0109,  0.0705,  0.1604,  0.9845;
    -0.0088,  0.0719,  0.1356,  0.9881;
    -0.0105,  0.0719,  0.1570,  0.9849;
    -0.0140,  0.0696,  0.1861,  0.9800;
    -0.0010,  0.0703, -0.0011,  0.9975;
     0.0046,  0.0703, -0.0972,  0.9928;
     0.0087,  0.0705, -0.1449,  0.9869;
     0.0020,  0.0710, -0.0299,  0.9970;
    -0.0074,  0.0708,  0.1142,  0.9909;
    -0.0132,  0.0697,  0.1711,  0.9827;
    -0.0162,  0.0688,  0.1957,  0.9781;
    -0.0062,  0.0714,  0.0917,  0.9932;
    -0.0008,  0.0721,  0.0079,  0.9974;
     0.0058,  0.0706, -0.1091,  0.9915;
     0.0043,  0.0709, -0.1006,  0.9924;
     0.0096,  0.0702, -0.1726,  0.9824;
     0.0077,  0.0715, -0.1258,  0.9894;
     0.0061,  0.0711, -0.0967,  0.9928;
    -0.0039,  0.0715,  0.0584,  0.9957;
    -0.0050,  0.0699,  0.0592,  0.9958;
    -0.0098,  0.0717,  0.1491,  0.9862;
     0.0085,  0.0695, -0.1566,  0.9852;
     0.0027,  0.0716, -0.0486,  0.9962;
    -0.0079,  0.0706,  0.1239,  0.9897;
    -0.0106,  0.0707,  0.1556,  0.9852;
    -0.0127,  0.0696,  0.1581,  0.9849;
    -0.0162,  0.0683,  0.1923,  0.9788;
     0.0011,  0.0709, -0.0374,  0.9968;
     0.0163,  0.0687, -0.2650,  0.9617;
     0.0132,  0.0688, -0.2204,  0.9729;
     0.0095,  0.0699, -0.1591,  0.9847;
     0.0021,  0.0716, -0.0403,  0.9966;
    -0.0063,  0.0710,  0.0952,  0.9929;
    -0.0089,  0.0700,  0.1207,  0.9902;
    -0.0064,  0.0698,  0.0782,  0.9945;
    -0.0002,  0.0704, -0.0269,  0.9972;
    -0.0165,  0.0689,  0.2187,  0.9732
];

% Position data from hololens/rm_vlc_leftfront to april_tag 
t_camera_config=[
     0.7665, -0.1454,  0.0843;
     0.5682, -0.0054,  0.0274;
     0.6358, -0.0655,  0.0452;
     0.7832, -0.1477,  0.0853;
     0.9162, -0.2268,  0.1238;
     0.8698, -0.1683,  0.1137;
     0.7335, -0.1047,  0.0757;
     0.4680, -0.0494, -0.0012;
     0.8294, -0.0114,  0.1006;
     0.4624, -0.0581, -0.0026;
     0.3979,  0.0030, -0.0216;
     0.5687, -0.0335,  0.0264;
     0.6974, -0.1907,  0.0606;
     0.6859, -0.0547,  0.0605;
     0.5477, -0.0711,  0.0242;
     0.6086,  0.0761,  0.0407;
     0.8084, -0.0309,  0.0957;
     0.8138, -0.1247,  0.0985;
     0.6319,  0.0101,  0.0464;
     0.5035,  0.0435,  0.0089;
     0.5373, -0.0127,  0.0186;
     0.5669, -0.1496,  0.0260;
     0.6026, -0.0227,  0.0373;
     0.6216, -0.0245,  0.0434;
     0.4575,  0.0138, -0.0033;
     0.4075,  0.0069, -0.0178;
     0.6541, -0.0838,  0.0516;
     0.7357,  0.0273,  0.0740;
     0.7880, -0.0964,  0.0900;
     0.6160, -0.1046,  0.0408;
     0.5661,  0.0358,  0.0266;
     0.5787,  0.0368,  0.0307;
     0.7085,  0.0084,  0.0677;
     0.8442, -0.0143,  0.1066;
     0.5383,  0.0217,  0.0192;
     0.4290,  0.0175, -0.0120;
     0.4665,  0.0197, -0.0021;
     0.5088, -0.1252,  0.0091;
     0.5344, -0.1323,  0.0161;
     0.4086, -0.0758, -0.0180;
     0.5008,  0.0039,  0.0082;
    0.4663, -0.0277, -0.0017;
    0.6469, -0.0337,  0.0480;
    0.5022,  0.0265,  0.0093;
    0.6268, -0.1329,  0.0413;
    0.4176, -0.0739, -0.0159;
    0.4566, -0.0206, -0.0048;
    0.5346,  0.0734,  0.0180;
    0.7146,  0.0675,  0.0694;
    0.8650, -0.0399,  0.1116;
    0.6447, -0.0428,  0.0489;
    0.5824,  0.1248,  0.0306;
    0.6546, -0.1435,  0.0491;
    0.6292, -0.2321,  0.0422;
    0.4529, -0.0513, -0.0052;
    0.4748, -0.0039,  0.0005;
    0.6055,  0.0522,  0.0370;
    0.7291,  0.0458,  0.0718;
    0.7961, -0.0148,  0.0916;
    0.7651, -0.1484,  0.0839
];  

% Rotation data from hololens/rm_vlc_leftfront to april_tag (w last)
