%% Eye-In-Hand Calibration Data
% Transformation Matrix from
% 	'hololens/base_link' to 'hololens/rm_vlc_leftfront':
%    -0.9987    0.0267   -0.0425    0.0116
%    -0.0207   -0.9905   -0.1360   -0.0114
%    -0.0457   -0.1350    0.9898   -0.0047
%          0         0         0    1.0000
% 
% Transformation Matrix from
% 	'hololens/rm_vlc_leftfront' to 'hololens/base_link':
%    -0.9987   -0.0207   -0.0457    0.0111
%     0.0267   -0.9905   -0.1350   -0.0122
%    -0.0425   -0.1360    0.9898    0.0036
%          0         0         0    1.0000

% FROM STEVEN
% T =
%    -0.9998    0.0183    0.0012   -0.1048
%    -0.0182   -0.9996    0.0215   -0.0303
%     0.0016    0.0215    0.9998    0.7531
%          0         0         0    1.0000

% Data
function [q_Robot_config, q_camera_config,t_Robot_config,t_camera_config ]=nrg3_LF_cal_data_100()

% Position data from world to holoLens/base_link 
  t_Robot_config=[
0.6123,  0.4906, -0.5296;
0.6957,  0.6120, -0.5273;
0.7895,  0.6917, -0.5267;
0.6360,  0.4961, -0.5270;
0.6719,  0.2743, -0.5282;
0.7303,  0.1285, -0.5285;
0.7966, -0.0164, -0.5288;
0.8384, -0.0970, -0.5283;
0.8134,  0.0685, -0.5269;
0.7812,  0.2400, -0.5260;
0.7748,  0.4053, -0.5252;
0.7984,  0.5699, -0.5235;
0.8122,  0.6962, -0.5227;
0.6320,  0.6487, -0.5245;
0.5286,  0.5329, -0.5253;
0.5356,  0.3741, -0.5257;
0.5945,  0.1757, -0.5263;
0.6400,  0.0639, -0.5269;
0.7782,  0.1308, -0.5260;
0.8406,  0.2321, -0.5277;
0.6937,  0.0964, -0.5289;
0.5936,  0.2422, -0.5245;
0.4973,  0.3467, -0.5240;
0.4656,  0.5539, -0.5229;
0.4971,  0.7022, -0.5225;
0.5279,  0.8047, -0.5217;
0.3595,  0.6918, -0.5232;
0.4061,  0.4752, -0.5224;
0.4453,  0.2522, -0.5219;
0.5920,  0.1384, -0.5229;
0.6135, -0.0158, -0.5227;
0.7799,  0.1625, -0.5216;
0.7962,  0.3174, -0.5193;
0.8378,  0.4760, -0.5186;
0.6437,  0.5492, -0.5192;
0.5657,  0.1735, -0.5207;
0.7688,  0.1241, -0.5199;
0.7226, -0.0119, -0.5202;
0.7531,  0.1602, -0.5189;
0.7883,  0.3446, -0.5180;
0.8693,  0.4303, -0.5174;
0.8809,  0.5048, -0.5162;
0.7182,  0.5331, -0.5168;
0.5221,  0.4894, -0.5171;
0.4662,  0.3657, -0.5177;
0.5153,  0.1476, -0.5173;
0.5358,  0.8472, -0.5139;
0.5876,  1.0158, -0.5144;
0.7566,  0.9429, -0.5122;
0.8014,  0.4579, -0.5127;
0.8053,  0.4708, -0.3712;
0.7411,  0.3302, -0.3716;
0.7793,  0.1920, -0.3725;
0.8642,  0.1307, -0.3714;
0.9521,  0.1440, -0.3703;
0.9191,  0.4269, -0.3692;
0.8845,  0.5937, -0.3687;
0.8544,  0.7432, -0.3683;
0.8426,  0.8625, -0.3677;
0.7634,  0.7671, -0.3673;
0.6289,  0.6962, -0.3679;
0.5505,  0.5988, -0.3683;
0.4578,  0.4845, -0.3685;
0.4292,  0.3189, -0.3695;
0.4644,  0.1735, -0.3683;
0.5403,  0.1572, -0.3685;
0.6079, -0.0361, -0.3683;
0.6659, -0.1417, -0.3688;
0.5676, -0.2074, -0.3665;
0.3592, -0.0392, -0.3671;
0.2479,  0.1719, -0.3668;
0.4357,  0.5536, -0.3648;
0.5212,  0.7256, -0.3636;
0.6109,  0.8452, -0.3626;
0.5587,  1.0270, -0.3614;
0.5237,  1.0709, -0.8535;
0.6713,  0.8799, -0.8523;
0.7646,  0.6305, -0.8528;
0.7781,  0.4586, -0.8524;
0.8031,  0.2958, -0.8525;
0.8252,  0.1649, -0.8526;
0.8151,  0.0472, -0.8517;
0.7469, -0.0543, -0.8520;
0.6301, -0.1015, -0.8603;
0.5209,  0.1227, -0.8544;
0.4335,  0.2970, -0.8542;
0.4201,  0.5168, -0.8533;
0.4509,  0.7405, -0.8538;
0.4676,  0.9192, -0.8533;
0.3825,  0.9743, -0.8536;
0.2910,  0.9916, -0.8538;
0.1900,  0.8075, -0.8539;
0.2855,  0.3093, -0.8535;
0.4088,  0.1630, -0.8535;
0.5210,  0.0576, -0.8532;
0.6970,  0.0626, -0.8534;
0.8287,  0.1100, -0.8534;
0.8788,  0.1333, -0.8529;
0.7547,  0.1121, -0.8525;
0.7139,  0.1826, -0.8526;

];

% Rotation data from world to holoLens/base_link 
q_Robot_config=[
 -0.0009,  0.0377,  0.0184,  0.9991;
  0.0023,  0.0378, -0.0863,  0.9955;
  0.0028,  0.0383, -0.0949,  0.9947;
 -0.0009,  0.0370,  0.0186,  0.9991;
 -0.0018,  0.0369,  0.0815,  0.9960;
 -0.0045,  0.0374,  0.1490,  0.9881;
 -0.0071,  0.0386,  0.1960,  0.9798;
 -0.0094,  0.0381,  0.2343,  0.9714;
 -0.0089,  0.0368,  0.1749,  0.9839;
 -0.0027,  0.0375,  0.0892,  0.9953;
 -0.0015,  0.0379,  0.0368,  0.9986;
  0.0018,  0.0384, -0.0735,  0.9966;
  0.0053,  0.0381, -0.1921,  0.9806;
  0.0028,  0.0372, -0.0995,  0.9943;
  0.0007,  0.0373, -0.0328,  0.9988;
 -0.0021,  0.0371,  0.0739,  0.9966;
 -0.0038,  0.0369,  0.1314,  0.9906;
 -0.0061,  0.0373,  0.1698,  0.9847;
 -0.0063,  0.0383,  0.1840,  0.9822;
 -0.0007,  0.0380,  0.0654,  0.9971;
 -0.0040,  0.0371,  0.1387,  0.9896;
 -0.0022,  0.0368,  0.0601,  0.9975;
 -0.0011,  0.0368,  0.0273,  0.9989;
  0.0005,  0.0374, -0.0342,  0.9987;
  0.0026,  0.0376, -0.0970,  0.9946;
  0.0048,  0.0372, -0.1489,  0.9881;
  0.0035,  0.0373, -0.0964,  0.9946;
 -0.0032,  0.0376,  0.0931,  0.9949;
 -0.0020,  0.0370,  0.0835,  0.9958;
 -0.0039,  0.0377,  0.1262,  0.9913;
 -0.0061,  0.0376,  0.1540,  0.9873;
 -0.0037,  0.0387,  0.1207,  0.9919;
 -0.0003,  0.0384,  0.0161,  0.9991;
  0.0020,  0.0387, -0.0689,  0.9969;
  0.0015,  0.0375, -0.0697,  0.9969;
 -0.0055,  0.0373,  0.1590,  0.9865;
 -0.0052,  0.0388,  0.1605,  0.9863;
 -0.0097,  0.0378,  0.2293,  0.9726;
 -0.0048,  0.0385,  0.1297,  0.9908;
 -0.0017,  0.0384,  0.0541,  0.9978;
 -0.0013,  0.0392,  0.0404,  0.9984;
  0.0039,  0.0385, -0.1192,  0.9921;
  0.0021,  0.0378, -0.0825,  0.9959;
  0.0024,  0.0377, -0.0814,  0.9960;
 -0.0005,  0.0378,  0.0221,  0.9990;
 -0.0052,  0.0380,  0.1302,  0.9907;
  0.0080,  0.0376, -0.2391,  0.9702;
  0.0068,  0.0385, -0.2229,  0.9741;
  0.0097,  0.0388, -0.2427,  0.9693;
 -0.0001,  0.0393,  0.0037,  0.9992;
  0.0084,  0.0333,  0.0058,  0.9994;
  0.0065,  0.0327,  0.0753,  0.9966;
  0.0050,  0.0342,  0.1354,  0.9902;
  0.0029,  0.0358,  0.1712,  0.9846;
  0.0015,  0.0366,  0.2011,  0.9789;
  0.0072,  0.0366,  0.0231,  0.9990;
  0.0093,  0.0357, -0.0701,  0.9969;
  0.0112,  0.0346, -0.1590,  0.9866;
  0.0139,  0.0338, -0.2147,  0.9760;
  0.0155,  0.0332, -0.2287,  0.9728;
  0.0140,  0.0335, -0.1930,  0.9805;
  0.0120,  0.0344, -0.1194,  0.9922;
  0.0098,  0.0349, -0.0633,  0.9973;
  0.0072,  0.0354,  0.0465,  0.9983;
  0.0008,  0.0360,  0.1704,  0.9847;
 -0.0001,  0.0364,  0.2029,  0.9785;
 -0.0032,  0.0387,  0.2525,  0.9668;
 -0.0039,  0.0375,  0.2671,  0.9629;
 -0.0049,  0.0361,  0.2695,  0.9623;
 -0.0056,  0.0363,  0.2240,  0.9739;
  0.0019,  0.0365,  0.1212,  0.9920;
  0.0087,  0.0360, -0.0358,  0.9987;
  0.0109,  0.0350, -0.1181,  0.9923;
  0.0136,  0.0334, -0.1941,  0.9803;
  0.0144,  0.0332, -0.2393,  0.9703;
 -0.0256, -0.1203, -0.2230,  0.9670;
 -0.0155, -0.1219, -0.1547,  0.9803;
 -0.0020, -0.1226, -0.0432,  0.9915;
  0.0073, -0.1218,  0.0237,  0.9922;
  0.0183, -0.1211,  0.1031,  0.9871;
  0.0256, -0.1190,  0.1707,  0.9778;
  0.0316, -0.1171,  0.2307,  0.9654;
  0.0345, -0.1168,  0.2627,  0.9572;
  0.0391, -0.1159,  0.3004,  0.9459;
  0.0254, -0.1210,  0.1942,  0.9731;
  0.0111, -0.1231,  0.0653,  0.9902;
 -0.0004, -0.1236, -0.0272,  0.9920;
 -0.0112, -0.1229, -0.1096,  0.9863;
 -0.0199, -0.1224, -0.1789,  0.9760;
 -0.0248, -0.1218, -0.2146,  0.9687;
 -0.0247, -0.1218, -0.2207,  0.9674;
 -0.0076, -0.1237, -0.0922,  0.9880;
  0.0296, -0.1195,  0.2146,  0.9689;
  0.0303, -0.1197,  0.2235,  0.9668;
  0.0275, -0.1192,  0.1955,  0.9730;
  0.0329, -0.1167,  0.2375,  0.9638;
  0.0345, -0.1163,  0.2492,  0.9608;
  0.0337, -0.1165,  0.2454,  0.9618;
  0.0329, -0.1189,  0.2539,  0.9593;
  0.0253, -0.1209,  0.1802,  0.9758;
];

% Position data from hololens/rm_vlc_leftfront to april_tag 
