image_width: 480
image_height: 640
camera_name: narrow_stereo
camera_matrix:
  rows: 3
  cols: 3
  data: [370.07982,   0.     , 242.93815,
           0.     , 368.7278 , 322.34755,
           0.     ,   0.     ,   1.     ]
distortion_model: plumb_bob
distortion_coefficients:
  rows: 1
  cols: 5
  data: [-0.021795, 0.024234, 0.002380, 0.004210, 0.000000]
rectification_matrix:
  rows: 3
  cols: 3
  data: [1., 0., 0.,
         0., 1., 0.,
         0., 0., 1.]
projection_matrix:
  rows: 3
  cols: 4
  data: [373.04877,   0.     , 245.26639,   0.     ,
           0.     , 372.38522, 323.88266,   0.     ,
           0.     ,   0.     ,   1.     ,   0.     ]
