cam0:
  cam_overlaps: [1]
  camera_model: pinhole
  distortion_coeffs: [-0.010145411484237499, 0.010259565735071911, 0.0034230851947034957, 0.0036414613345745017]
  distortion_model: radtan
  intrinsics: [361.4769054732888, 361.5136906600412, 243.527020775853, 315.9287734624237]
  resolution: [480, 640]
  rostopic: /hololens_ag0/rm_vlc_leftfront/image_raw
cam1:
  T_cn_cnm1:
  - [0.9996916438756079, 0.0059617576985988956, -0.02410548921749161, -0.0990348972660501]
  - [-0.0062743550730252826, 0.9998969365876117, -0.012913120115371383, -1.6084234427756613e-05]
  - [0.024026019930254973, 0.013060384674258407, 0.999626018428121, -0.001059052720544742]
  - [0.0, 0.0, 0.0, 1.0]
  cam_overlaps: [0]
  camera_model: pinhole
  distortion_coeffs: [-0.007061619286558245, 0.007937962025838338, 0.00399074911993357, -0.0018466694704144257]
  distortion_model: radtan
  intrinsics: [361.7281232472139, 361.6944854739066, 241.42893007240616, 314.80771578871975]
  resolution: [480, 640]
  rostopic: /hololens_ag0/rm_vlc_rightfront/image_raw