%% Eye-In-Hand Calibration Data
% KNOWN: Transformation Matrix from
% 	'hololens/base_link' to 'rignode':
% [  0.9938249, -0.0269424,  0.1076393,    0.059
%    0.0249967,  0.9994996,  0.0193841,    0.048
%   -0.1081077, -0.0165738,  0.9940010,    0.036
%            0,          0,          0,    1.0000]
% 
% KNOWN: Transformation Matrix from
% 	'rignode' to 'hololens/base_link':
% [  0.9937710,  0.0269937, -0.1081228, -0.056
%   -0.0289392,  0.9994456, -0.0164652, -0.046
%    0.1076184,  0.0194917,  0.9940012, -0.043
%            0,          0,          0, 1.0000]
% FRANK:
% Transformation Matrix from
% 	'hololens/base_link' to 'rignode':
%  0.9940    0.0171   -0.1076    0.0001
% -0.0215    0.9990   -0.0400    0.0116
%  0.1068    0.0420    0.9934    0.0067
%       0         0         0    1.0000
%
% Transformation Matrix from
% 	'rignode' to 'hololens/base_link':
%     0.9940   -0.0215    0.1068   -0.0006
%     0.0171    0.9990    0.0420   -0.0118
%    -0.1076   -0.0400    0.9934   -0.0062
%          0         0         0    1.0000
% 
% STEVEN:
% T =
%     0.9920    0.0198   -0.1250    1.9569
%     0.1202   -0.4567    0.8815    0.2603
%    -0.0396   -0.8894   -0.4554   -1.2815
%          0         0         0    1.0000
% Data
function [q_Robot_config, q_camera_config,t_Robot_config,t_camera_config ]= nrg3_baselink_to_rignode_data()

% Position data from world to holoLens/base_link 
  t_Robot_config=[
 0.2355, -0.4574, -0.4367;
 0.2213, -0.6264, -0.4384;
 -1.5712, -0.6793, -0.4451;
 -2.0093, -0.6808, -0.4441;
 -2.0118, -0.4920, -0.4398;
 -1.1867, -1.2195, -0.4397;
 -0.9053, -1.3603, -0.4392;
 -1.1789, -1.4238, -0.4398;
 -1.3886, -1.6773, -0.4385;
 -1.2271, -1.2812, -0.4392;
 -1.5194, -0.9957, -0.4407;
 -1.9021, -0.5895, -0.4415;
 -2.4848, -0.3892, -0.4413;
 -2.1070, -0.6259, -0.4410;
 -1.2076, -1.1133, -0.4401;
 -1.3295, -0.9113, -0.4398;
 -1.7408, -0.7334, -0.4408;
 -1.4949, -1.4629, -0.4413;
 -1.6728, -2.1019, -0.4392;
 -1.7332, -2.2626, -0.4396;

];

% Rotation data from world to holoLens/base_link 
q_Robot_config=[
 -0.0024, -0.0041,  0.9953, -0.0971;
 -0.0037, -0.0029,  0.9342, -0.3568;
 -0.0084,  0.0001,  0.9538,  0.3003;
 -0.0096,  0.0017,  0.9325,  0.3611;
 -0.0006,  0.0087,  0.0537,  0.9985;
  0.0002,  0.0100, -0.0991,  0.9950;
  0.0016,  0.0087, -0.1601,  0.9871;
  0.0049,  0.0069, -0.5590,  0.8291;
 -0.0079, -0.0048,  0.7490, -0.6625;
  0.0004,  0.0089, -0.1767,  0.9842;
 -0.0088,  0.0051,  0.7785,  0.6276;
 -0.0100,  0.0016,  0.9440,  0.3297;
 -0.0104,  0.0022,  0.9194,  0.3931;
 -0.0018,  0.0079,  0.2479,  0.9687;
 -0.0002,  0.0083, -0.0857,  0.9963;
 -0.0052,  0.0057,  0.5653,  0.8249;
 -0.0059,  0.0046,  0.5888,  0.8082;
  0.0031,  0.0086, -0.3347,  0.9423;
  0.0069,  0.0058, -0.6021,  0.7984;
 -0.0109, -0.0033,  0.7496, -0.6618;
];

% Position data from hololens/rm_vlc_leftfront to april_tag 
t_camera_config=[
 0.1865, -0.5162, -0.4014;
 0.2088, -0.7020, -0.4032;
-1.6477, -0.6851, -0.4106;
-2.0860, -0.6762, -0.4100;
-1.9572, -0.4378, -0.4054;
-1.1184, -1.1841, -0.4051;
-0.8325, -1.3343, -0.4040;
-1.1119, -1.4614, -0.4052;
-1.3484, -1.7427, -0.4034;
-1.1539, -1.2570, -0.4043;
-1.5764, -0.9463, -0.4054;
-1.9788, -0.5897, -0.4071;
-2.5616, -0.3792, -0.4068;
-2.0773, -0.5551, -0.4063;
-1.1429, -1.0775, -0.4054;
-1.3534, -0.8394, -0.4053;
-1.7688, -0.6618, -0.4058;
-1.4185, -1.4636, -0.4065;
-1.6101, -2.1461, -0.4042;
-1.6933, -2.3280, -0.4046;
];  

% Rotation data from hololens/rm_vlc_leftfront to april_tag 
q_camera_config=[
 -0.0551, -0.0185,  0.9922, -0.1102;
 -0.0506, -0.0306,  0.9276, -0.3688;
 -0.0624,  0.0077,  0.9559,  0.2868;
 -0.0630,  0.0127,  0.9354,  0.3477;
 -0.0125,  0.0618,  0.0672,  0.9957;
 -0.0035,  0.0644, -0.0854,  0.9943;
  0.0012,  0.0632, -0.1463,  0.9872;
  0.0274,  0.0565, -0.5466,  0.8350;
  0.0421,  0.0472, -0.7383,  0.6715;
  0.0011,  0.0634, -0.1629,  0.9846;
 -0.0564,  0.0318,  0.7853,  0.6157;
 -0.0638,  0.0108,  0.9465,  0.3162;
 -0.0633,  0.0150,  0.9227,  0.3799;
 -0.0239,  0.0577,  0.2606,  0.9634;
 -0.0046,  0.0627, -0.0720,  0.9954;
 -0.0431,  0.0450,  0.5753,  0.8156;
 -0.0449,  0.0428,  0.5985,  0.7987;
  0.0126,  0.0623, -0.3212,  0.9449;
  0.0321,  0.0540, -0.5899,  0.8050;
  0.0451,  0.0456, -0.7389,  0.6708;
];



