image_width: 480
image_height: 640
camera_name: narrow_stereo
camera_matrix:
  rows: 3
  cols: 3
  data: [361.24705,   0.     , 244.91309,
           0.     , 359.76167, 319.80493,
           0.     ,   0.     ,   1.     ]
distortion_model: plumb_bob
distortion_coefficients:
  rows: 1
  cols: 5
  data: [-0.022252, 0.014172, 0.003084, 0.004061, 0.000000]
rectification_matrix:
  rows: 3
  cols: 3
  data: [1., 0., 0.,
         0., 1., 0.,
         0., 0., 1.]
projection_matrix:
  rows: 3
  cols: 4
  data: [360.12869,   0.     , 247.37775,   0.     ,
           0.     , 358.81598, 322.32317,   0.     ,
           0.     ,   0.     ,   1.     ,   0.     ]
