%% Results


%% Raw Data
function [q_headset2world, q_target2cam, t_headset2world, t_target2cam]=nrg3_RF_cal_data_100_inv_A()

%%%%%%%%%%%%%%%%%%%%%%%%%%%%%%%%%%%%%%%%%%%%%%%%%%%%%%%%%%%%%%%%%%%%%%%%%%%
% HoloLens 2 'NRG3' RightFront Eye-In-Hand Calibration Data (Inverted)
% 
% About:
%   Function to grab raw data to perform a eye-in-hand calibration
%   on the Right Front VLC camera of the NRG3 HoloLens 2. It was obtained 
%   using the Right Front VLC Camera with an AprilTag and using the headset 
%   pose obtained w.r.t. world from a Unity application. 
% 
% Input:
%   None
% 
% Output:
%   Transforms for eye-in-hand calibration
% 
% Format:
%   ROS Coord Conv: RH, x=forward,y=-right, z=up
%   Position      : [x, y, z]
%   Quaternion    : [x, y, z, w]
% 
%%%%%%%%%%%%%%%%%%%%%%%%%%%%%%%%%%%%%%%%%%%%%%%%%%%%%%%%%%%%%%%%%%%%%%%%%%%

% Position data from 'holoLens/base_link' to 'world' (t_headset2world)
% [x, y, z]
t_headset2world=[
   -0.6851   -0.2065    0.5492
   -0.6897    0.0453    0.5484
   -0.7103    0.2286    0.5469
   -0.7329    0.0497    0.5431
   -0.7469   -0.2220    0.5416
   -0.7153   -0.4330    0.5428
   -0.7191   -0.5754    0.5419
   -0.8009   -0.2833    0.5347
   -0.7927   -0.1691    0.5351
   -0.7989   -0.0512    0.5340
   -0.7981    0.2106    0.5346
   -0.8283    0.0057    0.5306
   -0.7754   -0.2669    0.5363
   -0.7515   -0.1164    0.5396
   -0.7902    0.1650    0.5354
   -0.8775    0.0909    0.5244
   -0.7869    0.2066    0.5352
   -0.6977   -0.0891    0.5445
   -0.6099   -0.3985    0.5537
   -0.5630   -0.5868    0.5584
   -0.7199   -0.4792    0.5408
   -0.8082   -0.1440    0.5320
   -0.7869    0.0591    0.5339
   -0.6728    0.3594    0.5466
   -0.7800   -0.0564    0.5299
   -0.7098   -0.4124    0.5372
   -0.6607   -0.1863    0.5448
   -0.7505    0.0938    0.5338
   -0.7675   -0.1696    0.5306
   -0.8301    0.0082    0.5234
   -0.7433    0.2782    0.5339
   -0.6172    0.3409    0.5484
   -0.6112    0.1185    0.5491
   -0.5926   -0.1811    0.5502
   -0.6425   -0.3333    0.5434
   -0.7414   -0.4363    0.5304
   -0.6589   -0.3572    0.5417
   -0.7380   -0.0414    0.5330
   -0.7643    0.1049    0.5306
   -0.7406   -0.2987    0.5310
   -0.7230    0.2365    0.5346
   -0.6148    0.2601    0.5480
   -0.5970   -0.0490    0.5486
   -0.5278   -0.3594    0.5549
   -0.4364   -0.5491    0.5642
   -0.4157   -0.3678    0.5678
   -0.4234   -0.0871    0.5682
   -0.4445    0.2406    0.5643
   -0.4332    0.4666    0.5654
   -0.5388   -0.3120    0.4274
   -0.5010   -0.5917    0.4330
   -0.5883   -0.2521    0.4232
   -0.6322    0.0491    0.4169
   -0.5979    0.3035    0.4172
   -0.5746    0.0912    0.4221
   -0.3950    0.1103    0.4387
   -0.3993   -0.2235    0.4393
   -0.3916   -0.6005    0.4417
   -0.2910   -0.5901    0.4520
   -0.3206   -0.3306    0.4483
   -0.6826   -0.0483    0.4111
   -0.7194   -0.4532    0.4092
   -0.8525   -0.0380    0.3950
   -0.7005   -0.4544    0.4114
   -0.7795    0.1549    0.4009
   -0.6513    0.2520    0.4130
   -0.5796    0.4605    0.4163
   -0.7431    0.4336    0.3986
   -0.7922    0.1501    0.3982
   -0.7715   -0.2080    0.4029
   -0.7176   -0.4438    0.4076
   -0.7325   -0.1034    0.4052
   -0.8447   -0.1255    0.3935
   -0.7643    0.0504    0.4000
   -0.6354   -0.0220    0.4131
   -0.2569   -0.0245    1.0729
   -0.1941   -0.4263    1.0564
   -0.3195   -0.4840    1.0915
   -0.4439    0.1996    1.1207
   -0.3425    0.3225    1.0905
   -0.1795    0.4075    1.0458
   -0.2709   -0.4528    1.0753
   -0.2204   -0.6437    1.0612
   -0.1876   -0.7547    1.0521
   -0.3428   -0.3110    1.0941
   -0.3755    0.0338    1.1002
   -0.3815    0.2971    1.0983
   -0.2339    0.5412    1.0530
   -0.0834    0.5656    1.0150
   -0.0836    0.4035    1.0171
   -0.1129    0.1601    1.0244
   -0.1129   -0.1098    1.0257
   -0.3628   -0.1645    1.0943
   -0.3663   -0.4202    1.0967
   -0.2597   -0.6580    1.0663
   -0.1517   -0.6035    1.0383
   -0.2648   -0.3401    1.0683
   -0.3802   -0.0067    1.0953
   -0.4114    0.1364    1.1029
   -0.3647    0.2508    1.0880
];

% Rotation data from 'holoLens/base_link' to 'world' (q_headset2world)
% [x, y, z, w]
